// All int immediates 1..5000 in ObjectToolbox::init
1	8
15	320
16	1
24	2
31	3
37	32
38	32
38	4
44	36
45	36
45	5
51	40
52	40
52	6
58	44
59	44
59	7
65	48
66	48
66	83
72	52
73	52
73	502
79	56
80	56
80	8
86	60
87	60
87	39
93	64
94	64
94	103
100	68
101	68
101	10
107	72
108	72
108	11
114	76
115	76
115	2926
121	80
122	80
122	12
128	84
129	84
129	13
135	88
136	88
136	45
142	92
143	92
143	46
149	96
150	96
150	47
156	100
157	100
157	99
163	104
164	104
164	101
170	108
171	108
171	9
177	112
178	112
178	1715
184	116
185	116
185	18
191	120
192	120
192	19
198	124
199	124
199	20
206	21
213	15
220	16
227	17
234	22
241	23
248	24
255	25
262	26
269	27
276	28
283	29
290	30
297	915
304	105
311	31
318	34
325	32
332	33
338	35
346	36
353	1332
360	1333
367	40
374	41
381	48
388	49
395	129
402	130
409	131
416	50
423	51
430	52
436	4
437	4
437	53
443	8
444	8
444	54
450	12
451	12
451	60
457	16
458	16
458	148
464	20
465	20
465	149
471	24
472	24
472	405
478	28
479	28
479	1764
485	32
486	32
486	1765
492	36
493	36
493	1766
499	40
500	40
500	1767
506	44
507	44
507	1768
513	48
514	48
514	55
520	52
521	52
521	56
527	56
528	56
528	57
534	60
535	60
535	58
541	64
542	64
542	59
548	68
549	68
549	61
555	72
556	72
556	1719
562	76
563	76
563	62
569	80
570	80
570	63
576	84
577	84
577	64
583	88
584	88
584	65
590	92
591	92
591	66
597	96
598	96
598	68
604	100
605	100
605	1893
611	104
612	104
612	1894
618	108
619	108
619	1895
625	112
626	112
626	1896
632	116
633	116
633	1897
639	120
640	120
640	1898
646	124
647	124
647	1899
653	128
654	128
654	1900
660	132
661	132
661	1901
667	136
668	136
668	1902
674	140
675	140
675	67
681	144
682	144
682	84
688	148
689	148
689	69
695	152
696	152
696	70
702	156
703	156
703	71
709	160
710	160
710	72
716	164
717	164
717	73
723	168
724	168
724	74
730	172
731	172
731	75
737	176
738	176
738	76
744	180
745	180
745	77
751	184
752	184
752	78
758	188
759	188
759	80
765	192
766	192
766	81
772	196
773	196
773	82
779	200
780	200
780	90
786	204
787	204
787	91
793	208
794	208
794	92
800	212
801	212
801	93
807	216
808	216
808	94
814	220
815	220
815	95
821	224
822	224
822	96
828	228
829	228
829	85
835	232
836	232
836	86
842	236
843	236
843	87
849	240
850	240
850	97
856	244
857	244
857	88
863	248
864	248
864	89
870	252
871	252
871	98
877	256
878	256
878	1705
884	260
885	260
885	1706
891	264
892	264
892	1707
898	268
899	268
899	110
905	272
905	106
906	272
912	276
913	276
913	107
919	280
920	280
920	113
926	284
927	284
927	114
933	288
934	288
934	115
940	292
941	292
941	111
947	296
948	296
948	116
954	300
955	300
955	117
961	304
962	304
962	118
968	308
969	308
969	119
975	312
976	312
976	120
982	316
983	316
983	121
989	320
990	320
990	122
996	324
997	324
997	123
1003	328
1004	328
1004	124
1010	332
1011	332
1011	125
1017	336
1018	336
1018	126
1024	340
1025	340
1025	127
1031	344
1032	344
1032	128
1038	348
1039	348
1039	461
1045	352
1046	352
1046	462
1052	356
1053	356
1053	463
1059	360
1060	360
1060	464
1066	364
1067	364
1067	465
1073	368
1074	368
1074	466
1080	372
1081	372
1081	135
1087	376
1088	376
1088	1711
1094	380
1095	380
1095	1712
1101	384
1102	384
1102	1713
1108	388
1109	388
1109	1714
1115	392
1116	392
1116	132
1122	396
1123	396
1123	460
1129	400
1130	400
1130	494
1136	404
1137	404
1137	133
1143	408
1144	408
1144	136
1150	412
1151	412
1151	150
1157	416
1158	416
1158	497
1164	420
1165	420
1165	495
1171	424
1172	424
1172	496
1178	428
1179	428
1179	134
1185	432
1186	432
1186	190
1192	436
1193	436
1193	137
1199	440
1200	440
1200	138
1206	444
1207	444
1207	139
1213	448
1214	448
1214	141
1220	452
1221	452
1221	140
1227	456
1228	456
1228	142
1234	460
1235	460
1235	1329
1241	464
1242	464
1242	143
1248	468
1249	468
1249	144
1255	472
1256	472
1256	145
1262	476
1263	476
1263	459
1269	480
1270	480
1270	146
1276	484
1277	484
1277	147
1283	488
1284	488
1284	151
1290	492
1291	492
1291	152
1297	496
1298	496
1298	153
1304	500
1305	500
1305	154
1311	504
1312	504
1312	155
1318	508
1319	508
1319	156
1325	512
1326	512
1326	157
1332	516
1333	516
1333	158
1339	520
1340	520
1340	159
1346	524
1347	524
1347	177
1353	528
1354	528
1354	178
1360	532
1361	532
1361	179
1367	536
1368	536
1368	180
1374	540
1375	540
1375	181
1381	544
1382	544
1382	182
1388	548
1389	548
1389	183
1395	552
1396	552
1396	184
1402	556
1403	556
1403	185
1409	560
1410	560
1410	186
1416	564
1417	564
1417	187
1423	568
1424	568
1424	188
1430	572
1431	572
1431	190
1437	576
1438	576
1438	160
1444	580
1445	580
1445	161
1451	584
1452	584
1452	162
1458	588
1459	588
1459	163
1465	592
1466	592
1466	164
1472	596
1472	165
1473	596
1479	600
1480	600
1480	166
1486	604
1487	604
1487	167
1493	608
1494	608
1494	168
1500	612
1501	612
1501	169
1507	616
1508	616
1508	193
1514	620
1515	620
1515	170
1521	624
1522	624
1522	171
1528	628
1529	628
1529	172
1535	632
1536	632
1536	173
1542	636
1543	636
1543	174
1549	640
1550	640
1550	175
1556	644
1557	644
1557	176
1563	648
1564	648
1564	192
1570	652
1571	652
1571	194
1577	656
1578	656
1578	197
1584	660
1585	660
1585	191
1591	664
1592	664
1592	198
1598	668
1599	668
1599	199
1605	672
1606	672
1606	1889
1612	676
1613	676
1613	1890
1619	680
1620	680
1620	1891
1626	684
1627	684
1627	1892
1633	688
1634	688
1634	195
1640	692
1641	692
1641	196
1647	696
1648	696
1648	200
1654	700
1655	700
1655	201
1661	704
1662	704
1662	202
1668	708
1669	708
1669	203
1675	712
1676	712
1676	1334
1682	716
1683	716
1683	204
1689	720
1690	720
1690	205
1696	724
1697	724
1697	206
1703	728
1704	728
1704	215
1710	732
1711	732
1711	216
1717	736
1718	736
1718	217
1724	740
1725	740
1725	218
1731	744
1732	744
1732	458
1738	748
1739	748
1739	219
1745	752
1746	752
1746	220
1752	756
1753	756
1753	222
1759	760
1760	760
1760	223
1766	764
1767	764
1767	224
1773	768
1774	768
1774	225
1780	772
1781	772
1781	226
1787	776
1788	776
1788	227
1794	780
1795	780
1795	228
1801	784
1802	784
1802	229
1808	788
1809	788
1809	230
1815	792
1816	792
1816	242
1822	796
1823	796
1823	236
1829	800
1830	800
1830	237
1836	804
1837	804
1837	238
1843	808
1844	808
1844	239
1850	812
1851	812
1851	240
1857	816
1858	816
1858	241
1864	820
1865	820
1865	245
1871	824
1872	824
1872	246
1878	828
1879	828
1879	243
1885	832
1886	832
1886	244
1892	836
1893	836
1893	1720
1899	840
1900	840
1900	1721
1906	844
1907	844
1907	207
1913	848
1914	848
1914	208
1920	852
1921	852
1921	209
1927	856
1928	856
1928	210
1934	860
1935	860
1935	211
1941	864
1942	864
1942	212
1948	868
1949	868
1949	213
1955	872
1956	872
1956	247
1962	876
1963	876
1963	248
1969	880
1970	880
1970	249
1976	884
1977	884
1977	250
1983	888
1984	888
1984	251
1990	892
1991	892
1991	252
1997	896
1998	896
1998	253
2004	900
2005	900
2005	254
2011	904
2012	904
2012	1820
2018	908
2019	908
2019	1821
2025	912
2026	912
2026	1823
2032	916
2033	916
2033	1824
2039	920
2039	1825
2040	920
2046	924
2047	924
2047	1826
2053	928
2054	928
2054	1827
2060	932
2061	932
2061	1828
2067	936
2068	936
2068	255
2074	940
2075	940
2075	256
2081	944
2082	944
2082	257
2088	948
2089	948
2089	258
2095	952
2096	952
2096	259
2102	956
2103	956
2103	260
2109	960
2110	960
2110	261
2116	964
2117	964
2117	263
2123	968
2124	968
2124	264
2130	972
2131	972
2131	265
2137	976
2138	976
2138	266
2144	980
2145	980
2145	267
2151	984
2152	984
2152	268
2158	988
2159	988
2159	269
2165	992
2166	992
2166	270
2172	996
2173	996
2173	271
2179	1000
2180	1000
2180	272
2186	1004
2187	1004
2187	273
2193	1008
2194	1008
2194	274
2200	1012
2201	1012
2201	275
2207	1016
2208	1016
2208	277
2214	1020
2215	1020
2215	278
2221	1024
2222	1024
2222	231
2228	1028
2229	1028
2229	232
2235	1032
2236	1032
2236	283
2242	1036
2243	1036
2243	284
2249	1040
2250	1040
2250	285
2256	1044
2257	1044
2257	279
2263	1048
2264	1048
2264	280
2270	1052
2271	1052
2271	233
2277	1056
2278	1056
2278	234
2284	1060
2285	1060
2285	235
2291	1064
2292	1064
2292	281
2298	1068
2299	1068
2299	282
2305	1072
2306	1072
2306	286
2312	1076
2313	1076
2313	287
2319	1080
2320	1080
2320	660
2326	1084
2327	1084
2327	289
2333	1088
2334	1088
2334	291
2340	1092
2341	1092
2341	1743
2347	1096
2348	1096
2348	1744
2354	1100
2355	1100
2355	1745
2361	1104
2362	1104
2362	1746
2368	1108
2369	1108
2369	1747
2375	1112
2376	1112
2376	1748
2382	1116
2383	1116
2383	294
2389	1120
2390	1120
2390	295
2396	1124
2397	1124
2397	296
2403	1128
2404	1128
2404	297
2410	1132
2411	1132
2411	299
2417	1136
2418	1136
2418	301
2424	1140
2425	1140
2425	305
2431	1144
2432	1144
2432	307
2438	1148
2439	1148
2439	309
2445	1152
2446	1152
2446	311
2452	1156
2453	1156
2453	315
2459	1160
2460	1160
2460	317
2466	1164
2467	1164
2467	1749
2473	1168
2474	1168
2474	1750
2480	1172
2481	1172
2481	321
2487	1176
2488	1176
2488	323
2494	1180
2495	1180
2495	324
2501	1184
2502	1184
2502	325
2508	1188
2509	1188
2509	358
2515	1192
2516	1192
2516	326
2522	1196
2523	1196
2523	327
2529	1200
2530	1200
2530	328
2536	1204
2537	1204
2537	329
2543	1208
2544	1208
2544	331
2550	1212
2551	1212
2551	333
2557	1216
2558	1216
2558	337
2564	1220
2565	1220
2565	339
2571	1224
2572	1224
2572	343
2578	1228
2579	1228
2579	345
2585	1232
2586	1232
2586	349
2592	1236
2593	1236
2593	351
2599	1240
2600	1240
2600	353
2606	1244
2606	355
2607	1244
2613	1248
2614	1248
2614	363
2620	1252
2621	1252
2621	364
2627	1256
2628	1256
2628	365
2634	1260
2635	1260
2635	1717
2641	1264
2642	1264
2642	1718
2648	1268
2649	1268
2649	1716
2655	1272
2656	1272
2656	366
2662	1276
2663	1276
2663	367
2669	1280
2670	1280
2670	368
2676	1284
2677	1284
2677	1723
2683	1288
2684	1288
2684	1724
2690	1292
2691	1292
2691	1722
2697	1296
2698	1296
2698	369
2704	1300
2705	1300
2705	370
2711	1304
2712	1304
2712	371
2718	1308
2719	1308
2719	372
2725	1312
2726	1312
2726	373
2732	1316
2733	1316
2733	374
2739	1320
2740	1320
2740	1903
2746	1324
2747	1324
2747	1904
2753	1328
2754	1328
2754	1905
2760	1332
2761	1332
2761	1906
2767	1336
2768	1336
2768	1907
2774	1340
2775	1340
2775	1908
2781	1344
2782	1344
2782	1909
2788	1348
2789	1348
2789	1910
2795	1352
2796	1352
2796	1911
2802	1356
2803	1356
2803	375
2809	1360
2810	1360
2810	376
2816	1364
2817	1364
2817	377
2823	1368
2824	1368
2824	378
2830	1372
2831	1372
2831	392
2837	1376
2838	1376
2838	393
2844	1380
2845	1380
2845	394
2851	1384
2852	1384
2852	395
2858	1388
2859	1388
2859	396
2865	1392
2866	1392
2866	397
2872	1396
2873	1396
2873	398
2879	1400
2880	1400
2880	399
2886	1404
2887	1404
2887	1708
2893	1408
2894	1408
2894	1709
2900	1412
2901	1412
2901	1710
2907	1416
2908	1416
2908	406
2914	1420
2915	1420
2915	407
2921	1424
2922	1424
2922	408
2928	1428
2929	1428
2929	414
2935	1432
2936	1432
2936	906
2942	1436
2943	1436
2943	409
2949	1440
2950	1440
2950	410
2956	1444
2957	1444
2957	411
2963	1448
2964	1448
2964	412
2970	1452
2971	1452
2971	413
2977	1456
2978	1456
2978	1756
2984	1460
2985	1460
2985	419
2991	1464
2992	1464
2992	420
2998	1468
2999	1468
2999	421
3005	1472
3006	1472
3006	422
3012	1476
3013	1476
3013	446
3019	1480
3020	1480
3020	447
3026	1484
3027	1484
3027	1725
3033	1488
3034	1488
3034	1726
3040	1492
3041	1492
3041	1727
3047	1496
3048	1496
3048	1728
3054	1500
3055	1500
3055	1729
3061	1504
3062	1504
3062	448
3068	1508
3069	1508
3069	449
3075	1512
3076	1512
3076	450
3082	1516
3083	1516
3083	451
3089	1520
3090	1520
3090	452
3096	1524
3097	1524
3097	453
3103	1528
3104	1528
3104	454
3110	1532
3111	1532
3111	455
3117	1536
3118	1536
3118	456
3124	1540
3125	1540
3125	457
3131	1544
3132	1544
3132	467
3138	1548
3139	1548
3139	468
3145	1552
3146	1552
3146	469
3152	1556
3153	1556
3153	470
3159	1560
3160	1560
3160	471
3166	1564
3167	1564
3167	472
3173	1568
3173	473
3174	1568
3180	1572
3181	1572
3181	474
3187	1576
3188	1576
3188	475
3194	1580
3195	1580
3195	476
3201	1584
3202	1584
3202	477
3208	1588
3209	1588
3209	478
3215	1592
3216	1592
3216	479
3222	1596
3223	1596
3223	480
3229	1600
3230	1600
3230	481
3236	1604
3237	1604
3237	482
3243	1608
3244	1608
3244	483
3250	1612
3251	1612
3251	484
3257	1616
3258	1616
3258	485
3264	1620
3265	1620
3265	486
3271	1624
3272	1624
3272	487
3278	1628
3279	1628
3279	488
3285	1632
3286	1632
3286	489
3292	1636
3293	1636
3293	490
3299	1640
3300	1640
3300	491
3306	1644
3307	1644
3307	492
3313	1648
3314	1648
3314	493
3320	1652
3321	1652
3321	500
3327	1656
3328	1656
3328	501
3334	1660
3335	1660
3335	498
3341	1664
3342	1664
3342	499
3348	1668
3349	1668
3349	503
3355	1672
3356	1672
3356	504
3362	1676
3363	1676
3363	505
3369	1680
3370	1680
3370	1273
3376	1684
3377	1684
3377	1274
3383	1688
3384	1688
3384	1291
3390	1692
3391	1692
3391	1758
3397	1696
3398	1696
3398	1759
3404	1700
3405	1700
3405	1009
3411	1704
3412	1704
3412	1010
3418	1708
3419	1708
3419	1271
3425	1712
3426	1712
3426	1272
3432	1716
3433	1716
3433	1292
3439	1720
3440	1720
3440	1760
3446	1724
3447	1724
3447	1761
3453	1728
3454	1728
3454	1011
3460	1732
3461	1732
3461	1012
3467	1736
3468	1736
3468	1013
3474	1740
3475	1740
3475	1269
3481	1744
3482	1744
3482	1270
3488	1748
3489	1748
3489	1293
3495	1752
3496	1752
3496	1762
3502	1756
3503	1756
3503	1763
3509	1760
3510	1760
3510	1886
3516	1764
3517	1764
3517	1887
3523	1768
3524	1768
3524	1888
3530	1772
3531	1772
3531	506
3537	1776
3538	1776
3538	507
3544	1780
3545	1780
3545	508
3551	1784
3552	1784
3552	509
3558	1788
3559	1788
3559	510
3565	1792
3566	1792
3566	511
3572	1796
3573	1796
3573	512
3579	1800
3580	1800
3580	513
3586	1804
3587	1804
3587	514
3593	1808
3594	1808
3594	515
3600	1812
3601	1812
3601	516
3607	1816
3608	1816
3608	517
3614	1820
3615	1820
3615	518
3621	1824
3622	1824
3622	519
3628	1828
3629	1828
3629	520
3635	1832
3636	1832
3636	521
3642	1836
3643	1836
3643	522
3649	1840
3650	1840
3650	523
3656	1844
3657	1844
3657	524
3663	1848
3664	1848
3664	525
3670	1852
3671	1852
3671	526
3677	1856
3678	1856
3678	527
3684	1860
3685	1860
3685	528
3691	1864
3692	1864
3692	529
3698	1868
3699	1868
3699	530
3705	1872
3706	1872
3706	531
3712	1876
3713	1876
3713	532
3719	1880
3720	1880
3720	533
3726	1884
3727	1884
3727	534
3733	1888
3734	1888
3734	535
3740	1892
3740	536
3741	1892
3747	1896
3748	1896
3748	537
3754	1900
3755	1900
3755	538
3761	1904
3762	1904
3762	539
3768	1908
3769	1908
3769	540
3775	1912
3776	1912
3776	541
3782	1916
3783	1916
3783	542
3789	1920
3790	1920
3790	543
3796	1924
3797	1924
3797	544
3803	1928
3804	1928
3804	545
3810	1932
3811	1932
3811	546
3817	1936
3818	1936
3818	547
3824	1940
3825	1940
3825	548
3831	1944
3832	1944
3832	549
3838	1948
3839	1948
3839	550
3845	1952
3846	1952
3846	551
3852	1956
3853	1956
3853	552
3859	1960
3860	1960
3860	553
3866	1964
3867	1964
3867	554
3873	1968
3874	1968
3874	555
3880	1972
3881	1972
3881	556
3887	1976
3888	1976
3888	557
3894	1980
3895	1980
3895	558
3901	1984
3902	1984
3902	559
3908	1988
3909	1988
3909	560
3915	1992
3916	1992
3916	561
3922	1996
3923	1996
3923	562
3929	2000
3930	2000
3930	563
3936	2004
3937	2004
3937	564
3943	2008
3944	2008
3944	565
3950	2012
3951	2012
3951	566
3957	2016
3958	2016
3958	567
3964	2020
3965	2020
3965	568
3971	2024
3972	2024
3972	569
3978	2028
3979	2028
3979	570
3985	2032
3986	2032
3986	571
3992	2036
3993	2036
3993	572
3999	2040
4000	2040
4000	573
4006	2044
4007	2044
4007	574
4013	2048
4014	2048
4014	575
4020	2052
4021	2052
4021	576
4027	2056
4028	2056
4028	577
4034	2060
4035	2060
4035	578
4041	2064
4042	2064
4042	579
4048	2068
4049	2068
4049	580
4055	2072
4056	2072
4056	581
4062	2076
4063	2076
4063	582
4069	2080
4070	2080
4070	583
4076	2084
4077	2084
4077	584
4083	2088
4084	2088
4084	585
4090	2092
4091	2092
4091	586
4097	2096
4098	2096
4098	587
4104	2100
4105	2100
4105	588
4111	2104
4112	2104
4112	589
4118	2108
4119	2108
4119	590
4125	2112
4126	2112
4126	591
4132	2116
4133	2116
4133	592
4139	2120
4140	2120
4140	593
4146	2124
4147	2124
4147	594
4153	2128
4154	2128
4154	595
4160	2132
4161	2132
4161	596
4167	2136
4168	2136
4168	597
4174	2140
4175	2140
4175	598
4181	2144
4182	2144
4182	599
4188	2148
4189	2148
4189	600
4195	2152
4196	2152
4196	601
4202	2156
4203	2156
4203	602
4209	2160
4210	2160
4210	603
4216	2164
4217	2164
4217	604
4223	2168
4224	2168
4224	605
4230	2172
4231	2172
4231	606
4237	2176
4238	2176
4238	607
4244	2180
4245	2180
4245	608
4251	2184
4252	2184
4252	609
4258	2188
4259	2188
4259	610
4265	2192
4266	2192
4266	611
4272	2196
4273	2196
4273	612
4279	2200
4280	2200
4280	613
4286	2204
4287	2204
4287	614
4293	2208
4294	2208
4294	615
4300	2212
4301	2212
4301	616
4307	2216
4307	617
4308	2216
4314	2220
4315	2220
4315	618
4321	2224
4322	2224
4322	619
4328	2228
4329	2228
4329	620
4335	2232
4336	2232
4336	621
4342	2236
4343	2236
4343	622
4349	2240
4350	2240
4350	623
4356	2244
4357	2244
4357	624
4363	2248
4364	2248
4364	625
4370	2252
4371	2252
4371	626
4377	2256
4378	2256
4378	627
4384	2260
4385	2260
4385	628
4391	2264
4392	2264
4392	629
4398	2268
4399	2268
4399	630
4405	2272
4406	2272
4406	631
4412	2276
4413	2276
4413	632
4419	2280
4420	2280
4420	633
4426	2284
4427	2284
4427	634
4433	2288
4434	2288
4434	635
4440	2292
4441	2292
4441	636
4447	2296
4448	2296
4448	637
4454	2300
4455	2300
4455	638
4461	2304
4462	2304
4462	639
4468	2308
4469	2308
4469	640
4475	2312
4476	2312
4476	943
4482	2316
4483	2316
4483	944
4489	2320
4490	2320
4490	945
4496	2324
4497	2324
4497	946
4503	2328
4504	2328
4504	947
4510	2332
4511	2332
4511	948
4517	2336
4518	2336
4518	949
4524	2340
4525	2340
4525	950
4531	2344
4532	2344
4532	951
4538	2348
4539	2348
4539	1024
4545	2352
4546	2352
4546	1025
4552	2356
4553	2356
4553	1026
4559	2360
4560	2360
4560	1027
4566	2364
4567	2364
4567	1028
4573	2368
4574	2368
4574	1029
4580	2372
4581	2372
4581	1030
4587	2376
4588	2376
4588	1031
4594	2380
4595	2380
4595	1032
4601	2384
4602	2384
4602	980
4608	2388
4609	2388
4609	981
4615	2392
4616	2392
4616	982
4622	2396
4623	2396
4623	983
4629	2400
4630	2400
4630	984
4636	2404
4637	2404
4637	985
4643	2408
4644	2408
4644	986
4650	2412
4651	2412
4651	987
4657	2416
4658	2416
4658	988
4664	2420
4665	2420
4665	1063
4671	2424
4672	2424
4672	1064
4678	2428
4679	2428
4679	1065
4685	2432
4686	2432
4686	1066
4692	2436
4693	2436
4693	1067
4699	2440
4700	2440
4700	1068
4706	2444
4707	2444
4707	1069
4713	2448
4714	2448
4714	1070
4720	2452
4721	2452
4721	1071
4727	2456
4728	2456
4728	641
4734	2460
4735	2460
4735	642
4741	2464
4742	2464
4742	643
4748	2468
4749	2468
4749	644
4755	2472
4756	2472
4756	645
4762	2476
4763	2476
4763	646
4769	2480
4770	2480
4770	647
4776	2484
4777	2484
4777	648
4783	2488
4784	2488
4784	649
4790	2492
4791	2492
4791	650
4797	2496
4798	2496
4798	739
4804	2500
4805	2500
4805	651
4811	2504
4812	2504
4812	652
4818	2508
4819	2508
4819	653
4825	2512
4826	2512
4826	654
4832	2516
4833	2516
4833	655
4839	2520
4840	2520
4840	656
4846	2524
4847	2524
4847	657
4853	2528
4854	2528
4854	658
4860	2532
4861	2532
4861	659
4867	2536
4868	2536
4868	722
4874	2540
4874	723
4875	2540
4881	2544
4882	2544
4882	724
4888	2548
4889	2548
4889	667
4895	2552
4896	2552
4896	719
4902	2556
4903	2556
4903	720
4909	2560
4910	2560
4910	721
4916	2564
4917	2564
4917	989
4923	2568
4924	2568
4924	990
4930	2572
4931	2572
4931	991
4937	2576
4938	2576
4938	992
4944	2580
4945	2580
4945	1730
4951	2584
4952	2584
4952	1731
4958	2588
4959	2588
4959	1732
4965	2592
4966	2592
4966	1733
4972	2596
4973	2596
4973	668
4979	2600
4980	2600
4980	669
4986	2604
4987	2604
4987	670
4993	2608
4994	2608
4994	671
5000	2612
5001	2612
5001	672
5007	2616
5008	2616
5008	1737
5014	2620
5015	2620
5015	1738
5021	2624
5022	2624
5022	1739
5028	2628
5029	2628
5029	1740
5035	2632
5036	2632
5036	1741
5042	2636
5043	2636
5043	1742
5049	2640
5050	2640
5050	673
5056	2644
5057	2644
5057	674
5063	2648
5064	2648
5064	675
5070	2652
5071	2652
5071	676
5077	2656
5078	2656
5078	677
5084	2660
5085	2660
5085	1734
5091	2664
5092	2664
5092	1735
5098	2668
5099	2668
5099	1736
5105	2672
5106	2672
5106	678
5112	2676
5113	2676
5113	679
5119	2680
5120	2680
5120	680
5126	2684
5127	2684
5127	1619
5133	2688
5134	2688
5134	1620
5140	2692
5141	2692
5141	661
5147	2696
5148	2696
5148	662
5154	2700
5155	2700
5155	663
5161	2704
5162	2704
5162	664
5168	2708
5169	2708
5169	665
5175	2712
5176	2712
5176	666
5182	2716
5183	2716
5183	1338
5189	2720
5190	2720
5190	1339
5196	2724
5197	2724
5197	681
5203	2728
5204	2728
5204	682
5210	2732
5211	2732
5211	683
5217	2736
5218	2736
5218	684
5224	2740
5225	2740
5225	685
5231	2744
5232	2744
5232	686
5238	2748
5239	2748
5239	687
5245	2752
5246	2752
5246	688
5252	2756
5253	2756
5253	689
5259	2760
5260	2760
5260	690
5266	2764
5267	2764
5267	691
5273	2768
5274	2768
5274	692
5280	2772
5281	2772
5281	693
5287	2776
5288	2776
5288	694
5294	2780
5295	2780
5295	695
5301	2784
5302	2784
5302	696
5308	2788
5309	2788
5309	697
5315	2792
5316	2792
5316	698
5322	2796
5323	2796
5323	699
5329	2800
5330	2800
5330	700
5336	2804
5337	2804
5337	701
5343	2808
5344	2808
5344	702
5350	2812
5351	2812
5351	703
5357	2816
5358	2816
5358	704
5364	2820
5365	2820
5365	705
5371	2824
5372	2824
5372	706
5378	2828
5379	2828
5379	707
5385	2832
5386	2832
5386	708
5392	2836
5393	2836
5393	709
5399	2840
5400	2840
5400	710
5406	2844
5407	2844
5407	711
5413	2848
5414	2848
5414	712
5420	2852
5421	2852
5421	713
5427	2856
5428	2856
5428	714
5434	2860
5435	2860
5435	715
5441	2864
5441	716
5442	2864
5448	2868
5449	2868
5449	744
5455	2872
5456	2872
5456	725
5462	2876
5463	2876
5463	726
5469	2880
5470	2880
5470	727
5476	2884
5477	2884
5477	728
5483	2888
5484	2888
5484	729
5490	2892
5491	2892
5491	730
5497	2896
5498	2896
5498	731
5504	2900
5505	2900
5505	732
5511	2904
5512	2904
5512	733
5518	2908
5519	2908
5519	734
5525	2912
5526	2912
5526	735
5532	2916
5533	2916
5533	736
5539	2920
5540	2920
5540	737
5546	2924
5547	2924
5547	738
5553	2928
5554	2928
5554	740
5560	2932
5561	2932
5561	741
5567	2936
5568	2936
5568	742
5574	2940
5575	2940
5575	745
5581	2944
5582	2944
5582	747
5588	2948
5589	2948
5589	749
5595	2952
5596	2952
5596	2064
5602	2956
5603	2956
5603	2902
5609	2960
5610	2960
5610	1331
5616	2964
5617	2964
5617	752
5623	2968
5624	2968
5624	753
5630	2972
5631	2972
5631	754
5637	2976
5638	2976
5638	755
5644	2980
5645	2980
5645	756
5651	2984
5652	2984
5652	757
5658	2988
5659	2988
5659	758
5665	2992
5666	2992
5666	759
5672	2996
5673	2996
5673	903
5679	3000
5680	3000
5680	904
5686	3004
5687	3004
5687	905
5693	3008
5694	3008
5694	911
5700	3012
5701	3012
5701	1045
5707	3016
5708	3016
5708	1046
5714	3020
5715	3020
5715	1294
5721	3024
5722	3024
5722	1295
5728	3028
5729	3028
5729	762
5735	3032
5736	3032
5736	763
5742	3036
5743	3036
5743	1033
5749	3040
5750	3040
5750	1034
5756	3044
5757	3044
5757	1041
5763	3048
5764	3048
5764	1042
5770	3052
5771	3052
5771	764
5777	3056
5778	3056
5778	765
5784	3060
5785	3060
5785	766
5791	3064
5792	3064
5792	1035
5798	3068
5799	3068
5799	1036
5805	3072
5806	3072
5806	767
5812	3076
5813	3076
5813	768
5819	3080
5820	3080
5820	769
5826	3084
5827	3084
5827	770
5833	3088
5834	3088
5834	771
5840	3092
5841	3092
5841	772
5847	3096
5848	3096
5848	773
5854	3100
5855	3100
5855	774
5861	3104
5862	3104
5862	775
5868	3108
5869	3108
5869	1162
5875	3112
5876	3112
5876	1163
5882	3116
5883	3116
5883	1164
5889	3120
5890	3120
5890	1165
5896	3124
5897	3124
5897	1166
5903	3128
5904	3128
5904	1167
5910	3132
5911	3132
5911	1168
5917	3136
5918	3136
5918	1169
5924	3140
5925	3140
5925	1170
5931	3144
5932	3144
5932	1171
5938	3148
5939	3148
5939	1172
5945	3152
5946	3152
5946	1173
5952	3156
5953	3156
5953	1174
5959	3160
5960	3160
5960	1175
5966	3164
5967	3164
5967	1176
5973	3168
5974	3168
5974	1177
5980	3172
5981	3172
5981	1178
5987	3176
5988	3176
5988	1179
5994	3180
5995	3180
5995	1180
6001	3184
6002	3184
6002	1181
6008	3188
6008	1182
6009	3188
6015	3192
6016	3192
6016	1183
6022	3196
6023	3196
6023	1184
6029	3200
6030	3200
6030	1185
6036	3204
6037	3204
6037	1186
6043	3208
6044	3208
6044	1322
6050	3212
6051	3212
6051	1187
6057	3216
6058	3216
6058	1188
6064	3220
6065	3220
6065	1189
6071	3224
6072	3224
6072	1190
6078	3228
6079	3228
6079	1325
6085	3232
6086	3232
6086	1326
6092	3236
6093	3236
6093	807
6099	3240
6100	3240
6100	808
6106	3244
6107	3244
6107	809
6113	3248
6114	3248
6114	810
6120	3252
6121	3252
6121	811
6127	3256
6128	3256
6128	812
6134	3260
6135	3260
6135	813
6141	3264
6142	3264
6142	814
6148	3268
6149	3268
6149	815
6155	3272
6156	3272
6156	816
6162	3276
6163	3276
6163	817
6169	3280
6170	3280
6170	818
6176	3284
6177	3284
6177	819
6183	3288
6184	3288
6184	820
6190	3292
6191	3292
6191	821
6197	3296
6198	3296
6198	822
6204	3300
6205	3300
6205	823
6211	3304
6212	3304
6212	824
6218	3308
6219	3308
6219	825
6225	3312
6226	3312
6226	826
6232	3316
6233	3316
6233	827
6239	3320
6240	3320
6240	828
6246	3324
6247	3324
6247	829
6253	3328
6254	3328
6254	830
6260	3332
6261	3332
6261	831
6267	3336
6268	3336
6268	832
6274	3340
6275	3340
6275	833
6281	3344
6282	3344
6282	841
6288	3348
6289	3348
6289	842
6295	3352
6296	3352
6296	843
6302	3356
6303	3356
6303	844
6309	3360
6310	3360
6310	845
6316	3364
6317	3364
6317	846
6323	3368
6324	3368
6324	847
6330	3372
6331	3372
6331	848
6337	3376
6338	3376
6338	850
6344	3380
6345	3380
6345	853
6351	3384
6352	3384
6352	854
6358	3388
6359	3388
6359	855
6365	3392
6366	3392
6366	856
6372	3396
6373	3396
6373	857
6379	3400
6380	3400
6380	859
6386	3404
6387	3404
6387	861
6393	3408
6394	3408
6394	862
6400	3412
6401	3412
6401	863
6407	3416
6408	3416
6408	1120
6414	3420
6415	3420
6415	1122
6421	3424
6422	3424
6422	1123
6428	3428
6429	3428
6429	1124
6435	3432
6436	3432
6436	1125
6442	3436
6443	3436
6443	1126
6449	3440
6450	3440
6450	1127
6456	3444
6457	3444
6457	1241
6463	3448
6464	3448
6464	1242
6470	3452
6471	3452
6471	1243
6477	3456
6478	3456
6478	1244
6484	3460
6485	3460
6485	1245
6491	3464
6492	3464
6492	1246
6498	3468
6499	3468
6499	867
6505	3472
6506	3472
6506	868
6512	3476
6513	3476
6513	869
6519	3480
6520	3480
6520	870
6526	3484
6527	3484
6527	871
6533	3488
6534	3488
6534	872
6540	3492
6541	3492
6541	1266
6547	3496
6548	3496
6548	1267
6554	3500
6555	3500
6555	873
6561	3504
6562	3504
6562	874
6568	3508
6569	3508
6569	880
6575	3512
6575	881
6576	3512
6582	3516
6583	3516
6583	882
6589	3520
6590	3520
6590	883
6596	3524
6597	3524
6597	884
6603	3528
6604	3528
6604	885
6610	3532
6611	3532
6611	1062
6617	3536
6618	3536
6618	886
6624	3540
6625	3540
6625	887
6631	3544
6632	3544
6632	890
6638	3548
6639	3548
6639	891
6645	3552
6646	3552
6646	893
6652	3556
6653	3556
6653	894
6659	3560
6660	3560
6660	1247
6666	3564
6667	3564
6667	1277
6673	3568
6674	3568
6674	1278
6680	3572
6681	3572
6681	1248
6687	3576
6688	3576
6688	1279
6694	3580
6695	3580
6695	1249
6701	3584
6702	3584
6702	1280
6708	3588
6709	3588
6709	1250
6715	3592
6716	3592
6716	1281
6722	3596
6723	3596
6723	1251
6729	3600
6730	3600
6730	1252
6736	3604
6737	3604
6737	1253
6743	3608
6744	3608
6744	1282
6750	3612
6751	3612
6751	1254
6757	3616
6758	3616
6758	1283
6764	3620
6765	3620
6765	1255
6771	3624
6772	3624
6772	1284
6778	3628
6779	3628
6779	1285
6785	3632
6786	3632
6786	1286
6792	3636
6793	3636
6793	1287
6799	3640
6800	3640
6800	1288
6806	3644
6807	3644
6807	1289
6813	3648
6814	3648
6814	1290
6820	3652
6821	3652
6821	895
6827	3656
6828	3656
6828	896
6834	3660
6835	3660
6835	1256
6841	3664
6842	3664
6842	1257
6848	3668
6849	3668
6849	1258
6855	3672
6856	3672
6856	1259
6862	3676
6863	3676
6863	899
6869	3680
6870	3680
6870	900
6876	3684
6877	3684
6877	877
6883	3688
6884	3688
6884	878
6890	3692
6891	3692
6891	888
6897	3696
6898	3696
6898	889
6904	3700
6905	3700
6905	901
6911	3704
6912	3704
6912	1346
6918	3708
6919	3708
6919	2067
6925	3712
6926	3712
6926	1347
6932	3716
6933	3716
6933	1814
6939	3720
6940	3720
6940	3016
6946	3724
6947	3724
6947	3660
6953	3728
6954	3728
6954	3661
6960	3732
6961	3732
6961	1616
6967	3736
6968	3736
6968	1815
6974	3740
6975	3740
6975	3609
6981	3744
6982	3744
6982	3640
6988	3748
6989	3748
6989	1816
6995	3752
6996	3752
6996	902
7002	3756
7003	3756
7003	907
7009	3760
7010	3760
7010	908
7016	3764
7017	3764
7017	909
7023	3768
7024	3768
7024	910
7030	3772
7031	3772
7031	914
7037	3776
7038	3776
7038	916
7044	3780
7045	3780
7045	917
7051	3784
7052	3784
7052	918
7058	3788
7059	3788
7059	1327
7065	3792
7066	3792
7066	1328
7072	3796
7073	3796
7073	1584
7079	3800
7080	3800
7080	2012
7086	3804
7087	3804
7087	919
7093	3808
7094	3808
7094	920
7100	3812
7101	3812
7101	921
7107	3816
7108	3816
7108	923
7114	3820
7115	3820
7115	924
7121	3824
7122	3824
7122	925
7128	3828
7129	3828
7129	926
7135	3832
7136	3832
7136	927
7142	3836
7142	928
7143	3836
7149	3840
7150	3840
7150	929
7156	3844
7157	3844
7157	930
7163	3848
7164	3848
7164	931
7170	3852
7171	3852
7171	932
7177	3856
7178	3856
7178	933
7184	3860
7185	3860
7185	934
7191	3864
7192	3864
7192	935
7198	3868
7199	3868
7199	1229
7205	3872
7206	3872
7206	1230
7212	3876
7213	3876
7213	1231
7219	3880
7220	3880
7220	1232
7226	3884
7227	3884
7227	1233
7233	3888
7234	3888
7234	1234
7240	3892
7241	3892
7241	1235
7247	3896
7248	3896
7248	1236
7254	3900
7255	3900
7255	1237
7261	3904
7262	3904
7262	1238
7268	3908
7269	3908
7269	1239
7275	3912
7276	3912
7276	1240
7282	3916
7283	3916
7283	936
7289	3920
7290	3920
7290	937
7296	3924
7297	3924
7297	938
7303	3928
7304	3928
7304	939
7310	3932
7311	3932
7311	940
7317	3936
7318	3936
7318	941
7324	3940
7325	3940
7325	942
7331	3944
7332	3944
7332	952
7338	3948
7339	3948
7339	953
7345	3952
7346	3952
7346	954
7352	3956
7353	3956
7353	955
7359	3960
7360	3960
7360	956
7366	3964
7367	3964
7367	957
7373	3968
7374	3968
7374	958
7380	3972
7381	3972
7381	959
7387	3976
7388	3976
7388	974
7394	3980
7395	3980
7395	975
7401	3984
7402	3984
7402	976
7408	3988
7409	3988
7409	977
7415	3992
7416	3992
7416	1047
7422	3996
7423	3996
7423	1048
7429	4000
7430	4000
7430	1296
7436	4004
7437	4004
7437	1297
7443	4008
7444	4008
7444	960
7450	4012
7451	4012
7451	961
7457	4016
7458	4016
7458	1037
7464	4020
7465	4020
7465	1038
7471	4024
7472	4024
7472	1043
7478	4028
7479	4028
7479	1044
7485	4032
7486	4032
7486	964
7492	4036
7493	4036
7493	965
7499	4040
7500	4040
7500	966
7506	4044
7507	4044
7507	1039
7513	4048
7514	4048
7514	1040
7520	4052
7521	4052
7521	967
7527	4056
7528	4056
7528	968
7534	4060
7535	4060
7535	969
7541	4064
7542	4064
7542	970
7548	4068
7549	4068
7549	971
7555	4072
7556	4072
7556	972
7562	4076
7563	4076
7563	973
7569	4080
7570	4080
7570	1078
7576	4084
7577	4084
7577	1079
7583	4088
7584	4088
7584	1080
7590	4092
7591	4092
7591	1081
7597	4096
7598	4096
7598	997
7604	4100
7605	4100
7605	998
7611	4104
7612	4104
7612	999
7618	4108
7619	4108
7619	1000
7625	4112
7626	4112
7626	1001
7632	4116
7633	4116
7633	1002
7639	4120
7640	4120
7640	1003
7646	4124
7647	4124
7647	1004
7653	4128
7654	4128
7654	1005
7660	4132
7661	4132
7661	1006
7667	4136
7668	4136
7668	1007
7674	4140
7675	4140
7675	1268
7681	4144
7682	4144
7682	1520
7688	4148
7689	4148
7689	1585
7695	4152
7696	4152
7696	1586
7702	4156
7703	4156
7703	1595
7709	4160
7709	1611
7710	4160
7716	4164
7717	4164
7717	1811
7723	4168
7724	4168
7724	1817
7730	4172
7731	4172
7731	1612
7737	4176
7738	4176
7738	1613
7744	4180
7745	4180
7745	1014
7751	4184
7752	4184
7752	1015
7758	4188
7759	4188
7759	1016
7765	4192
7766	4192
7766	1017
7772	4196
7773	4196
7773	1018
7779	4200
7780	4200
7780	1019
7786	4204
7787	4204
7787	1020
7793	4208
7794	4208
7794	1021
7800	4212
7801	4212
7801	1022
7807	4216
7808	4216
7808	1330
7814	4220
7815	4220
7815	1704
7821	4224
7822	4224
7822	1751
7828	4228
7829	4228
7829	1049
7835	4232
7836	4232
7836	1812
7842	4236
7843	4236
7843	1050
7849	4240
7850	4240
7850	1051
7856	4244
7857	4244
7857	1052
7863	4248
7864	4248
7864	3000
7870	4252
7871	4252
7871	3001
7877	4256
7878	4256
7878	3002
7884	4260
7885	4260
7885	1053
7891	4264
7892	4264
7892	1054
7898	4268
7899	4268
7899	1592
7905	4272
7906	4272
7906	1055
7912	4276
7913	4276
7913	1056
7919	4280
7920	4280
7920	1057
7926	4284
7927	4284
7927	1058
7933	4288
7934	4288
7934	1059
7940	4292
7941	4292
7941	1060
7947	4296
7948	4296
7948	1061
7954	4300
7955	4300
7955	1752
7961	4304
7962	4304
7962	1075
7968	4308
7969	4308
7969	1076
7975	4312
7976	4312
7976	1077
7982	4316
7983	4316
7983	1298
7989	4320
7990	4320
7990	1082
7996	4324
7997	4324
7997	1083
8003	4328
8004	4328
8004	1084
8010	4332
8011	4332
8011	1085
8017	4336
8018	4336
8018	1086
8024	4340
8025	4340
8025	1087
8031	4344
8032	4344
8032	1088
8038	4348
8039	4348
8039	1089
8045	4352
8046	4352
8046	1090
8052	4356
8053	4356
8053	1091
8059	4360
8060	4360
8060	1092
8066	4364
8067	4364
8067	1093
8073	4368
8074	4368
8074	1094
8080	4372
8081	4372
8081	1095
8087	4376
8088	4376
8088	1096
8094	4380
8095	4380
8095	1097
8101	4384
8102	4384
8102	1098
8108	4388
8109	4388
8109	1099
8115	4392
8116	4392
8116	1100
8122	4396
8123	4396
8123	1101
8129	4400
8130	4400
8130	1102
8136	4404
8137	4404
8137	1103
8143	4408
8144	4408
8144	1104
8150	4412
8151	4412
8151	1105
8157	4416
8158	4416
8158	1106
8164	4420
8165	4420
8165	1107
8171	4424
8172	4424
8172	1108
8178	4428
8179	4428
8179	1109
8185	4432
8186	4432
8186	1110
8192	4436
8193	4436
8193	1111
8199	4440
8200	4440
8200	1112
8206	4444
8207	4444
8207	1113
8213	4448
8214	4448
8214	1114
8220	4452
8221	4452
8221	1115
8227	4456
8228	4456
8228	1116
8234	4460
8235	4460
8235	1117
8241	4464
8242	4464
8242	1118
8248	4468
8249	4468
8249	1132
8255	4472
8256	4472
8256	1133
8262	4476
8263	4476
8263	1134
8269	4480
8270	4480
8270	1135
8276	4484
8276	1136
8277	4484
8283	4488
8284	4488
8284	1137
8290	4492
8291	4492
8291	1138
8297	4496
8298	4496
8298	1139
8304	4500
8305	4500
8305	1140
8311	4504
8312	4504
8312	1141
8318	4508
8319	4508
8319	1142
8325	4512
8326	4512
8326	1143
8332	4516
8333	4516
8333	1144
8339	4520
8340	4520
8340	1145
8346	4524
8347	4524
8347	1146
8353	4528
8354	4528
8354	1147
8360	4532
8361	4532
8361	1148
8367	4536
8368	4536
8368	1149
8374	4540
8375	4540
8375	1150
8381	4544
8382	4544
8382	1151
8388	4548
8389	4548
8389	1152
8395	4552
8396	4552
8396	1153
8402	4556
8403	4556
8403	1154
8409	4560
8410	4560
8410	1155
8416	4564
8417	4564
8417	1156
8423	4568
8424	4568
8424	1157
8430	4572
8431	4572
8431	1158
8437	4576
8438	4576
8438	1159
8444	4580
8445	4580
8445	1160
8451	4584
8452	4584
8452	1161
8458	4588
8459	4588
8459	1191
8465	4592
8466	4592
8466	1192
8472	4596
8473	4596
8473	1193
8479	4600
8480	4600
8480	1194
8486	4604
8487	4604
8487	1195
8493	4608
8494	4608
8494	1196
8500	4612
8501	4612
8501	1197
8507	4616
8508	4616
8508	1198
8514	4620
8515	4620
8515	1199
8521	4624
8522	4624
8522	1200
8528	4628
8529	4628
8529	1201
8535	4632
8536	4632
8536	1202
8542	4636
8543	4636
8543	1203
8549	4640
8550	4640
8550	1204
8556	4644
8557	4644
8557	1205
8563	4648
8564	4648
8564	1206
8570	4652
8571	4652
8571	1207
8577	4656
8578	4656
8578	1208
8584	4660
8585	4660
8585	1209
8591	4664
8592	4664
8592	1210
8598	4668
8599	4668
8599	1220
8605	4672
8606	4672
8606	1221
8612	4676
8613	4676
8613	1222
8619	4680
8620	4680
8620	1223
8626	4684
8627	4684
8627	1224
8633	4688
8634	4688
8634	1225
8640	4692
8641	4692
8641	1226
8647	4696
8648	4696
8648	1227
8654	4700
8655	4700
8655	1228
8661	4704
8662	4704
8662	1260
8668	4708
8669	4708
8669	1261
8675	4712
8676	4712
8676	1262
8682	4716
8683	4716
8683	1263
8689	4720
8690	4720
8690	1264
8696	4724
8697	4724
8697	1265
8703	4728
8704	4728
8704	1275
8710	4732
8711	4732
8711	1276
8717	4736
8718	4736
8718	1587
8724	4740
8725	4740
8725	1588
8731	4744
8732	4744
8732	1589
8738	4748
8739	4748
8739	1590
8745	4752
8746	4752
8746	1598
8752	4756
8753	4756
8753	1599
8759	4760
8760	4760
8760	1299
8766	4764
8767	4764
8767	1300
8773	4768
8774	4768
8774	1301
8780	4772
8781	4772
8781	1302
8787	4776
8788	4776
8788	1303
8794	4780
8795	4780
8795	1304
8801	4784
8802	4784
8802	1305
8808	4788
8809	4788
8809	1306
8815	4792
8816	4792
8816	1307
8822	4796
8823	4796
8823	1308
8829	4800
8830	4800
8830	1309
8836	4804
8837	4804
8837	1310
8843	4808
8843	1311
8844	4808
8850	4812
8851	4812
8851	1312
8857	4816
8858	4816
8858	1313
8864	4820
8865	4820
8865	1314
8871	4824
8872	4824
8872	1315
8878	4828
8879	4828
8879	1316
8885	4832
8886	4832
8886	1317
8892	4836
8893	4836
8893	1318
8899	4840
8900	4840
8900	1319
8906	4844
8907	4844
8907	1320
8913	4848
8914	4848
8914	1340
8920	4852
8921	4852
8921	1341
8927	4856
8928	4856
8928	1342
8934	4860
8935	4860
8935	1343
8941	4864
8942	4864
8942	1344
8948	4868
8949	4868
8949	1345
8955	4872
8956	4872
8956	1348
8962	4876
8963	4876
8963	1349
8969	4880
8970	4880
8970	1350
8976	4884
8977	4884
8977	1351
8983	4888
8984	4888
8984	1352
8990	4892
8991	4892
8991	1353
8997	4896
8998	4896
8998	1354
9004	4900
9005	4900
9005	1355
9011	4904
9012	4904
9012	1395
9018	4908
9019	4908
9019	1356
9025	4912
9026	4912
9026	1357
9032	4916
9033	4916
9033	1358
9039	4920
9040	4920
9040	1359
9046	4924
9047	4924
9047	1360
9053	4928
9054	4928
9054	1361
9060	4932
9061	4932
9061	1362
9067	4936
9068	4936
9068	1363
9074	4940
9075	4940
9075	1364
9081	4944
9082	4944
9082	1365
9088	4948
9089	4948
9089	1366
9095	4952
9096	4952
9096	1367
9102	4956
9103	4956
9103	1368
9109	4960
9110	4960
9110	1369
9116	4964
9117	4964
9117	1370
9123	4968
9124	4968
9124	1371
9130	4972
9131	4972
9131	1372
9137	4976
9138	4976
9138	1373
9144	4980
9145	4980
9145	1374
9151	4984
9152	4984
9152	1375
9158	4988
9159	4988
9159	1376
9165	4992
9166	4992
9166	1377
9172	4996
9173	4996
9173	1378
9179	5000
9180	5000
9180	1379
9187	1380
9194	1381
9201	1382
9208	1383
9215	1384
9222	1385
9229	1386
9236	1387
9243	1388
9250	1389
9257	1390
9264	1391
9271	1392
9278	1393
9285	1394
9292	1431
9299	1432
9306	1433
9313	1434
9320	1435
9327	1436
9334	1437
9341	1438
9348	1439
9355	1440
9362	1441
9369	1510
9376	1511
9383	1512
9390	1442
9397	1443
9404	1444
9410	1445
9418	1446
9425	1447
9432	1448
9439	1449
9446	1450
9453	1451
9460	1452
9467	1513
9474	1514
9481	1515
9488	1453
9495	1454
9502	1455
9509	1456
9516	1457
9523	1458
9530	1459
9537	1460
9544	1461
9551	1462
9558	1463
9565	1464
9572	1621
9579	1622
9586	1623
9593	1624
9600	1625
9607	1626
9614	1627
9621	1628
9628	1629
9635	1630
9642	1631
9649	1632
9656	1633
9663	1634
9670	1635
9677	1636
9684	1637
9691	1638
9698	1639
9705	1640
9712	1641
9719	1642
9726	1643
9733	1644
9740	1645
9747	1646
9754	1647
9761	1648
9768	1649
9775	1650
9782	1651
9789	1652
9796	1471
9803	1472
9810	1473
9817	1496
9824	1507
9831	1617
9838	1653
9845	1654
9852	1655
9859	1656
9866	1657
9873	1658
9880	1659
9887	1660
9894	1661
9901	1662
9908	1663
9915	1664
9922	1665
9929	1666
9936	1667
9943	1668
9950	1669
9957	1670
9964	1671
9971	1672
9977	1673
9985	1674
9992	1675
9999	1676
10006	1677
10013	1678
10020	1679
10027	1680
10034	1681
10041	1682
10048	1683
10055	1684
10062	1516
10069	1517
10076	1518
10083	1519
10090	1521
10097	1522
10104	1523
10111	1524
10118	1525
10125	1526
10132	1527
10139	1528
10146	1529
10153	1530
10160	1531
10167	1532
10174	1533
10181	1534
10188	1535
10195	1536
10202	1537
10209	1538
10216	1539
10223	1540
10230	1769
10237	1770
10244	1771
10251	1772
10258	1773
10265	1774
10272	1775
10279	1776
10286	1552
10293	1553
10300	1554
10307	1555
10314	1556
10321	1557
10328	1558
10335	1559
10342	1560
10349	1561
10356	1562
10363	1563
10370	1564
10377	1565
10384	1566
10391	1567
10398	1568
10405	1569
10412	1582
10419	1583
10426	1591
10433	1593
10440	1594
10447	3643
10454	1596
10461	1597
10468	1600
10475	1843
10482	1601
10489	1602
10496	1603
10503	1604
10510	1605
10517	1606
10524	1607
10531	1608
10538	1609
10544	1610
10552	1614
10559	1615
10566	1618
10573	1685
10580	1686
10587	1687
10594	1688
10601	1689
10608	1690
10615	1691
10622	1692
10629	1693
10636	1694
10643	1695
10650	1696
10657	1697
10664	1698
10671	1699
10678	1700
10685	1701
10692	1702
10699	1703
10706	1753
10713	1754
10720	1757
10727	1830
10734	1755
10741	1813
10748	1829
10755	1859
10762	1777
10769	1778
10776	1779
10783	1780
10790	1781
10797	1782
10804	1783
10811	1784
10818	1785
10825	1786
10832	1787
10839	1788
10846	1789
10853	1790
10860	1791
10867	1792
10874	1793
10881	1794
10888	1795
10895	1796
10902	1803
10909	1804
10916	1807
10923	1808
10930	1799
10937	1800
10944	1801
10951	1802
10958	1805
10965	1806
10972	1809
10979	1810
10986	1797
10993	1798
11000	1818
11007	1819
11014	1831
11021	1832
11028	1833
11035	1834
11042	1835
11049	1836
11056	1837
11063	1838
11070	1839
11077	1840
11084	1841
11091	1842
11098	1844
11105	1845
11111	1846
11119	1847
11126	1848
11133	1849
11140	1850
11147	1851
11154	1852
11161	1853
11168	1854
11175	1855
11182	1858
11189	1856
11196	1857
11203	1860
11210	1861
11217	1862
11224	1863
11231	1864
11238	1865
11245	1866
11252	1867
11259	1868
11266	1869
11273	1870
11280	1871
11287	1872
11294	1873
11301	1874
11308	1875
11315	1876
11322	1877
11329	1878
11336	1879
11343	1880
11350	1881
11357	1882
11364	1883
11371	1884
11378	1885
11385	1912
11392	2068
11399	1913
11406	1914
11413	2062
11420	1915
11427	1916
11434	2999
11441	3606
11448	3612
11455	3613
11462	3662
11469	2901
11476	1917
11483	2900
11490	1935
11497	2925
11504	1919
11511	1920
11518	1921
11525	1922
11532	1923
11539	1924
11546	1925
11553	1926
11560	1927
11567	1928
11574	1931
11581	3600
11588	1932
11595	3655
11602	1933
11609	1934
11616	3602
11623	3603
11630	3605
11637	1936
11644	1937
11651	1938
11658	1939
11665	1964
11672	2015
11678	2016
11686	2020
11693	2021
11700	2022
11707	2023
11714	2024
11721	2025
11728	2026
11735	2027
11742	2028
11749	2029
11756	2030
11763	2031
11770	2032
11777	2033
11784	2034
11791	2035
11798	2036
11805	2037
11812	2038
11819	2039
11826	2040
11833	2041
11840	2042
11847	2043
11854	2044
11861	2045
11868	2046
11875	2047
11882	2048
11889	2049
11896	2050
11903	2051
11910	2052
11917	2053
11924	2054
11931	2055
11938	2864
11945	2865
11952	2867
11959	2868
11966	2869
11973	2870
11980	2871
11987	2872
11994	2873
12001	2874
12008	2875
12015	2876
12022	2877
12029	2878
12036	2879
12043	2880
12050	2881
12057	2882
12064	2883
12071	2884
12078	2885
12085	2886
12092	2887
12099	2888
12106	2889
12113	2890
12120	2891
12127	2892
12134	2893
12141	2894
12148	2063
12155	2065
12162	2066
12169	2069
12176	3645
12183	2083
12190	2084
12197	2085
12204	2086
12211	2087
12218	2088
12225	2089
12232	2078
12239	2079
12245	2080
12253	2081
12260	2082
12267	2093
12274	2094
12281	2095
12288	2096
12295	2097
12302	2120
12309	2121
12316	2070
12323	2071
12330	2072
12337	2073
12344	2074
12351	2075
12358	2076
12365	2077
12372	2090
12379	2091
12386	2092
12393	2098
12400	2099
12407	2100
12414	2101
12421	2102
12428	2103
12435	2104
12442	2105
12449	2106
12456	2107
12463	2108
12470	2109
12477	2110
12484	2111
12491	2112
12498	2113
12505	2114
12512	2115
12519	2116
12526	2117
12533	2118
12540	2119
12547	2122
12554	2123
12561	2124
12568	2125
12575	2126
12582	2127
12589	2128
12596	2129
12603	2130
12610	2131
12617	2132
12624	2133
12631	2134
12638	2135
12645	2136
12652	2137
12659	2138
12666	2139
12673	2140
12680	2141
12687	2142
12694	2143
12701	2144
12708	2145
12715	2146
12722	2147
12729	2148
12736	2149
12743	2150
12750	2151
12757	2152
12764	2153
12771	2154
12778	2155
12785	2156
12792	2157
12799	2158
12806	2159
12812	2160
12820	2161
12827	2162
12834	2163
12841	2164
12848	2165
12855	2166
12862	2167
12869	2168
12876	2169
12883	2170
12890	2171
12897	2172
12904	2173
12911	2174
12918	2175
12925	2176
12932	2177
12939	2178
12946	2179
12953	2180
12960	2181
12967	2182
12974	2183
12981	2184
12988	2185
12995	2186
13002	2187
13009	2188
13016	2189
13023	2190
13030	2191
13037	2192
13044	2193
13051	2194
13058	2195
13065	2196
13072	2197
13079	2198
13086	2199
13093	2200
13100	2201
13107	2202
13114	2203
13121	2204
13128	2205
13135	2206
13142	2207
13149	2208
13156	2209
13163	2210
13170	2211
13177	2212
13184	2213
13191	2214
13198	2215
13205	2216
13212	2217
13219	2218
13226	2219
13233	2220
13240	2221
13247	2222
13254	2223
13261	2224
13268	2225
13275	2226
13282	2227
13289	2228
13296	2229
13303	2230
13310	2231
13317	2232
13324	2233
13331	2234
13338	2235
13345	2236
13352	2237
13359	2238
13366	2239
13373	2240
13379	2241
13387	2242
13394	2243
13401	2244
13408	2245
13415	2246
13422	2247
13429	2248
13436	2249
13443	2250
13450	2251
13457	2252
13464	2253
13471	2254
13478	2255
13485	2256
13492	2257
13499	2258
13506	2259
13513	2260
13520	2261
13527	2262
13534	2263
13541	2264
13548	2265
13555	2266
13562	2267
13569	2268
13576	2269
13583	2270
13590	2271
13597	2272
13604	2273
13611	2274
13618	2275
13625	2276
13632	2277
13639	2278
13646	2279
13653	2280
13660	2281
13667	2282
13674	2283
13681	2284
13688	2285
13695	2286
13702	2287
13709	2288
13716	2289
13723	2290
13730	2291
13737	2292
13744	2293
13751	2294
13758	2295
13765	2296
13772	2297
13779	2298
13786	2299
13793	2300
13800	2301
13807	2302
13814	2303
13821	2304
13828	2305
13835	2306
13842	2307
13849	2308
13856	2309
13863	2310
13870	2311
13877	2312
13884	2313
13891	2314
13898	2315
13905	2316
13912	2317
13919	2318
13926	2319
13933	2320
13940	2321
13946	2322
13954	2323
13961	2324
13968	2325
13975	2326
13982	2327
13989	2328
13996	2329
14003	2330
14010	2331
14017	2332
14024	2333
14031	2334
14038	2335
14045	2336
14052	2337
14059	2338
14066	2339
14073	2340
14080	2341
14087	2342
14094	2343
14101	2344
14108	2345
14115	2346
14122	2347
14129	2348
14136	2349
14143	2350
14150	2351
14157	2352
14164	2353
14171	2354
14178	2355
14185	2356
14192	2357
14199	2358
14206	2359
14213	2360
14220	2361
14227	2362
14234	2363
14241	2364
14248	2365
14255	2366
14262	2367
14269	2368
14276	2369
14283	2370
14290	2371
14297	2372
14304	2373
14311	2374
14318	2375
14325	2376
14332	2377
14339	2378
14346	2379
14353	2380
14360	2381
14367	2382
14374	2383
14381	2384
14388	2385
14395	2386
14402	2387
14409	2388
14416	2389
14423	2390
14430	2391
14437	2392
14444	2393
14451	2394
14458	2395
14465	2396
14472	2397
14479	2398
14486	2399
14493	2400
14500	2401
14507	2402
14513	2403
14521	2404
14528	2405
14535	2406
14542	2407
14549	2408
14556	2409
14563	2410
14570	2411
14577	2412
14584	2413
14591	2414
14598	2415
14605	2416
14612	2417
14619	2418
14626	2419
14633	2420
14640	2421
14647	2422
14654	2423
14661	2424
14668	2425
14675	2426
14682	2427
14689	2428
14696	2429
14703	2430
14710	2431
14717	2432
14724	2433
14731	2434
14738	2435
14745	2436
14752	2437
14759	2438
14766	2439
14773	2440
14780	2441
14787	2442
14794	2443
14801	2444
14808	2445
14815	2446
14822	2447
14829	2448
14836	2449
14843	2450
14850	2451
14857	2452
14864	2453
14871	2454
14878	2455
14885	2456
14892	2457
14899	2458
14906	2459
14913	2460
14920	2461
14927	2462
14934	2463
14941	2464
14948	2465
14955	2466
14962	2467
14969	2468
14976	2469
14983	2470
14990	2471
14997	2472
15004	2473
15011	2474
15018	2475
15025	2476
15032	2477
15039	2478
15046	2479
15053	2480
15060	2481
15067	2482
15074	2483
15080	2484
15088	2485
15095	2486
15102	2487
15109	2488
15116	2489
15123	2490
15130	2491
15137	2492
15144	2493
15151	2494
15158	2495
15165	2496
15172	2497
15179	2498
15186	2499
15193	2500
15200	2501
15207	2502
15214	2503
15221	2504
15228	2505
15235	2506
15242	2507
15249	2508
15256	2509
15263	2510
15270	2511
15277	2512
15284	2513
15291	2514
15298	2515
15305	2516
15312	2517
15319	2518
15326	2519
15333	2520
15340	2521
15347	2522
15354	2523
15361	2524
15368	2525
15375	2526
15382	2527
15389	2528
15396	2529
15403	2530
15410	2531
15417	2532
15424	2533
15431	2534
15438	2535
15445	2536
15452	2537
15459	2538
15466	2539
15473	2540
15480	2541
15487	2542
15494	2543
15501	2544
15508	2545
15515	2546
15522	2547
15529	2548
15536	2549
15543	2550
15550	2551
15557	2552
15564	2553
15571	2554
15578	2555
15585	2556
15592	2557
15599	2558
15606	2559
15613	2560
15620	2561
15627	2562
15634	2563
15641	2564
15647	2565
15655	2566
15662	2567
15669	2568
15676	2569
15683	2570
15690	2571
15697	2572
15704	2573
15711	2574
15718	2575
15725	2576
15732	2577
15739	2578
15746	2579
15753	2580
15760	2581
15767	2582
15774	2583
15781	2584
15788	2585
15795	2586
15802	2587
15809	2588
15816	2589
15823	2590
15830	2591
15837	2592
15844	2593
15851	2594
15858	2595
15865	2596
15872	2597
15879	2598
15886	2599
15893	2600
15900	2601
15907	2602
15914	2603
15921	2604
15928	2605
15935	2606
15942	2607
15949	2608
15956	2609
15963	2610
15970	2611
15977	2612
15984	2613
15991	2614
15998	2615
16005	2616
16012	2617
16019	2618
16026	2619
16033	2620
16040	2621
16047	2622
16054	2623
16061	2624
16068	2625
16075	2626
16082	2627
16089	2628
16096	2629
16103	2630
16110	2631
16117	2632
16124	2633
16131	2634
16138	2635
16145	2636
16152	2637
16159	2638
16166	2639
16173	2640
16180	2641
16187	2642
16194	2643
16201	2644
16208	2645
16214	2646
16222	2647
16229	2648
16236	2649
16243	2650
16250	2651
16257	2652
16264	2653
16271	2654
16278	2655
16285	2656
16292	2657
16299	2658
16306	2659
16313	2660
16320	2661
16327	2662
16334	2663
16341	2664
16348	2665
16355	2666
16362	2667
16369	2668
16376	2669
16383	2670
16390	2671
16397	2672
16404	2673
16411	2674
16418	2675
16425	2676
16432	2677
16439	2678
16446	2679
16453	2680
16460	2681
16467	2682
16474	2683
16481	2684
16488	2685
16495	2686
16502	2687
16509	2688
16516	2689
16523	2690
16530	2691
16537	2692
16544	2693
16551	2694
16558	2695
16565	2696
16572	2697
16579	2698
16586	2699
16593	2700
16600	3101
16607	3102
16614	3103
16621	3104
16628	3105
16635	3106
16642	3107
16649	3108
16656	3109
16663	3110
16670	3111
16677	3112
16684	3113
16691	3114
16698	3115
16705	3116
16712	3117
16719	3118
16726	3119
16733	3120
16740	3121
16747	3122
16754	3123
16761	3124
16768	3125
16775	3126
16781	3127
16789	3128
16796	3129
16803	3130
16810	3131
16817	3132
16824	3133
16831	3134
16838	3135
16845	3136
16852	3137
16859	3138
16866	3139
16873	3140
16880	3141
16887	3142
16894	3143
16901	3144
16908	3145
16915	3146
16922	3147
16929	3148
16936	3149
16943	3150
16950	3151
16957	3152
16964	3153
16971	3154
16978	3155
16985	3156
16992	3157
16999	3158
17006	3159
17013	3160
17020	3161
17027	3162
17034	3163
17041	3164
17048	3165
17055	3166
17062	3167
17069	3168
17076	3169
17083	3170
17090	3171
17097	3172
17104	3173
17111	3174
17118	3175
17125	3176
17132	3177
17139	3178
17146	3179
17153	3180
17160	3181
17167	3182
17174	3183
17181	3184
17188	3185
17195	3186
17202	3187
17209	3188
17216	3189
17223	3190
17230	3191
17237	3192
17244	3193
17251	3194
17258	3195
17265	3196
17272	3197
17279	3198
17286	3199
17293	3200
17300	3201
17307	3202
17314	3203
17321	3204
17328	3205
17335	3206
17342	3207
17348	3208
17356	3209
17363	3210
17370	3211
17377	3212
17384	3213
17391	3214
17398	3215
17405	3216
17412	3217
17419	3218
17426	3219
17433	3220
17440	3221
17447	3222
17454	3223
17461	3224
17468	3225
17475	3226
17482	3227
17489	3228
17496	3229
17503	3230
17510	3231
17517	3232
17524	3233
17531	3234
17538	3235
17545	3236
17552	3237
17559	3238
17566	3239
17573	3240
17580	3241
17587	3242
17594	3243
17601	3244
17608	3245
17615	3246
17622	3247
17629	3248
17636	3249
17643	3250
17650	3251
17657	3252
17664	3253
17671	3254
17678	3255
17685	3256
17692	3257
17699	3258
17706	3259
17713	3260
17720	3261
17727	3262
17734	3263
17741	3264
17748	3265
17755	3266
17762	3267
17769	3268
17776	3269
17783	3270
17790	3271
17797	3272
17804	3273
17811	3274
17818	3275
17825	3276
17832	3277
17839	3278
17846	3279
17853	3280
17860	3281
17867	3282
17874	3283
17881	3284
17888	3285
17895	3286
17902	3287
17909	3288
17915	3289
17923	3290
17930	3291
17937	3292
17944	3293
17951	3294
17958	3295
17965	3296
17972	3297
17979	3298
17986	3299
17993	3300
18000	3301
18007	3302
18014	3303
18021	3304
18028	3305
18035	3306
18042	3307
18049	3308
18056	3309
18063	3310
18070	3311
18077	3312
18084	3313
18091	3314
18098	3315
18105	3316
18112	3317
18119	3318
18126	3319
18133	3320
18140	3321
18147	3322
18154	3323
18161	3324
18168	3325
18175	3326
18182	3327
18189	3328
18196	3329
18203	3330
18210	3331
18217	3332
18224	3333
18231	3334
18238	3335
18245	3336
18252	3337
18259	3338
18266	3339
18273	3340
18280	3341
18287	3342
18294	3343
18301	3344
18308	3345
18315	3346
18322	3347
18329	3348
18336	3349
18343	3350
18350	3351
18357	3352
18364	3353
18371	3354
18378	3355
18385	3356
18392	3357
18399	3358
18406	3359
18413	3360
18420	3361
18427	3362
18434	3363
18441	3364
18448	3365
18455	3366
18462	3367
18469	3368
18476	3369
18482	3370
18490	3371
18497	3372
18504	3373
18511	3374
18518	3375
18525	3376
18532	3377
18539	3378
18546	3379
18553	3380
18560	3381
18567	3382
18574	3383
18581	3384
18588	3385
18595	3386
18602	3387
18609	3388
18616	3389
18623	3390
18630	3391
18637	3392
18644	3393
18651	3394
18658	3395
18665	3396
18672	3397
18679	3398
18686	3399
18693	3400
18700	3401
18707	3402
18714	3403
18721	3404
18728	3405
18735	3406
18742	3407
18749	3408
18756	3409
18763	3410
18770	3411
18777	3412
18784	3413
18791	3414
18798	3415
18805	3416
18812	3417
18819	3418
18826	3419
18833	3420
18840	3421
18847	3422
18854	3423
18861	3424
18868	3425
18875	3426
18882	3427
18889	3428
18896	3429
18903	3430
18910	3431
18917	3432
18924	3433
18931	3434
18938	3435
18945	3436
18952	3437
18959	3438
18966	3439
18973	3440
18980	3441
18987	3442
18994	3443
19001	3444
19008	3445
19015	3446
19022	3447
19029	3448
19036	3449
19043	3450
19049	3451
19057	3452
19064	3453
19071	3454
19078	3455
19085	3456
19092	3457
19099	3458
19106	3459
19113	3460
19120	3461
19127	3462
19134	3463
19141	3464
19148	3465
19155	3466
19162	3467
19169	3468
19176	3469
19183	3470
19190	3471
19197	3472
19204	3473
19211	3474
19218	3475
19225	3476
19232	3477
19239	3478
19246	3479
19253	3480
19260	3481
19267	3482
19274	3483
19281	3484
19288	3485
19295	3486
19302	3487
19309	3488
19316	3489
19323	3490
19330	3491
19337	3492
19344	3493
19351	3494
19358	3495
19365	3496
19372	3497
19379	3498
19386	3499
19393	3500
19400	3501
19407	3502
19414	3503
19421	3504
19428	3505
19435	3506
19442	3507
19449	3508
19456	3509
19463	3510
19470	3511
19477	3512
19484	3513
19491	3514
19498	3515
19505	3516
19512	3517
19519	3518
19526	3519
19533	3520
19540	3521
19547	3522
19554	3523
19561	3524
19568	3525
19575	3526
19582	3527
19589	3528
19596	3529
19603	3530
19610	3531
19616	3532
19624	3533
19631	3534
19638	3535
19645	3536
19652	3537
19659	3538
19666	3539
19673	3540
19680	3541
19687	3542
19694	3543
19701	3544
19708	3545
19715	3546
19722	3547
19729	3548
19736	3549
19743	3550
19750	3551
19757	3552
19764	3553
19771	3554
19778	3555
19785	3556
19792	3557
19799	3558
19806	3559
19813	3560
19820	3561
19827	3562
19834	3563
19841	3564
19848	3565
19855	3566
19862	3567
19869	3568
19876	3569
19883	3570
19890	3571
19897	3572
19904	3573
19911	3574
19918	3575
19925	3576
19932	3577
19939	3578
19946	3579
19953	3580
19960	3581
19967	3582
19974	3583
19981	3584
19988	3585
19995	3586
20002	3587
20009	3588
20016	3589
20023	3590
20030	3591
20037	3592
20044	3593
20051	3594
20058	3595
20065	3596
20072	3597
20079	3598
20086	3599
20093	3700
20100	3701
20107	3702
20114	3703
20121	3704
20128	3705
20135	3706
20142	3707
20149	3708
20156	3709
20163	3710
20170	3711
20177	3712
20183	3713
20191	3714
20198	3715
20205	3716
20212	3717
20219	3718
20226	3719
20233	3720
20240	3721
20247	3722
20254	3723
20261	3724
20268	3725
20275	3726
20282	3727
20289	3728
20296	3729
20303	3730
20310	3731
20317	3732
20324	3733
20331	3734
20338	3735
20345	3736
20352	3737
20359	3738
20366	3739
20373	3740
20380	3741
20387	3742
20394	3743
20401	3744
20408	3745
20415	3746
20422	3747
20429	3748
20436	3749
20443	3750
20450	3751
20457	3752
20464	3753
20471	3754
20478	3755
20485	3756
20492	3757
20499	3758
20506	3759
20513	3760
20520	3761
20527	3762
20534	3763
20541	3764
20548	3765
20555	3766
20562	3767
20569	3768
20576	3769
20583	3770
20590	3771
20597	3772
20604	3773
20611	3774
20618	3775
20625	3776
20632	3777
20639	3778
20646	3779
20653	3780
20660	3781
20667	3782
20674	3783
20681	3784
20688	3785
20695	3786
20702	3787
20709	3788
20716	3789
20723	3790
20730	3791
20737	3792
20744	3793
20750	3794
20758	3795
20765	3796
20772	3797
20779	3798
20786	3799
20793	4000
20800	4001
20807	4002
20814	4003
20821	4004
20828	4005
20835	4006
20842	4007
20849	4008
20856	4009
20863	4010
20870	4011
20877	4012
20884	4013
20891	4014
20898	4015
20905	4016
20912	4017
20919	4018
20926	4019
20933	4020
20940	4021
20947	4022
20954	4023
20961	4024
20968	4025
20975	4026
20982	4027
20989	4028
20996	4029
21003	4030
21010	4031
21017	4032
21024	4033
21031	4034
21038	4035
21045	4036
21052	4037
21059	4038
21066	4039
21073	4040
21080	4041
21087	4042
21094	4043
21101	4044
21108	4045
21115	4046
21122	4047
21129	4048
21136	4049
21143	4050
21150	4051
21157	4052
21164	4053
21171	4054
21178	4055
21185	4056
21192	4057
21199	4058
21206	4059
21213	4060
21220	4061
21227	4062
21234	4063
21241	4064
21248	4065
21255	4066
21262	4067
21269	4068
21276	4069
21283	4070
21290	4071
21297	4072
21304	4073
21311	4074
21317	4075
21325	4076
21332	4077
21339	4078
21346	4079
21353	4080
21360	4081
21367	4082
21374	4083
21381	4084
21388	4085
21395	4086
21402	4087
21409	4088
21416	4089
21423	4090
21430	4091
21437	4092
21444	4093
21451	4094
21458	4095
21465	4096
21472	4097
21479	4098
21486	4099
21493	4100
21500	4101
21507	4102
21514	4103
21521	4104
21528	4105
21535	4106
21542	4107
21549	4108
21556	4109
21563	4110
21570	4111
21577	4112
21584	4113
21591	4114
21598	4115
21605	4116
21612	4117
21619	4118
21626	4119
21633	4120
21640	4121
21647	4122
21654	4123
21661	4124
21668	4125
21675	4126
21682	4127
21689	4128
21696	4129
21703	4130
21710	4131
21717	4132
21724	4133
21731	4134
21738	4135
21745	4136
21752	4137
21759	4138
21766	4139
21773	4140
21780	4141
21787	4142
21794	4143
21801	4144
21808	4145
21815	4146
21822	4147
21829	4148
21836	4149
21843	4150
21850	4151
21857	4152
21864	4153
21871	4154
21878	4155
21884	4156
21892	4157
21899	4158
21906	4159
21913	4160
21920	4161
21927	4162
21934	4163
21941	4164
21948	4165
21955	4166
21962	4167
21969	4168
21976	4169
21983	4170
21990	4171
21997	4172
22004	4173
22011	4174
22018	4175
22025	4176
22032	4177
22039	4178
22046	4179
22053	4180
22060	4181
22067	4182
22074	4183
22081	4184
22088	4185
22095	4186
22102	4187
22109	4188
22116	4189
22123	4190
22130	4191
22137	4192
22144	4193
22151	4194
22158	4195
22165	4196
22172	4197
22179	4198
22186	4199
22193	4200
22200	4201
22207	4202
22214	4203
22221	4204
22228	4205
22235	4206
22242	4207
22249	4208
22256	4209
22263	4210
22270	4211
22277	4212
22284	4213
22291	4214
22298	4215
22305	4216
22312	4217
22319	4218
22326	4219
22333	4220
22340	4221
22347	4222
22354	4223
22361	4224
22368	4225
22375	4226
22382	4227
22389	4228
22396	4229
22403	4230
22410	4231
22417	4232
22424	4233
22431	4234
22438	4235
22445	4236
22451	4237
22459	4238
22466	4239
22473	4240
22480	4241
22487	4242
22494	4243
22501	4244
22508	4245
22515	4246
22522	4247
22529	4248
22536	4249
22543	4250
22550	4251
22557	4252
22564	4253
22571	4254
22578	4255
22585	4256
22592	4257
22599	4258
22606	4259
22613	4260
22620	4261
22627	4262
22634	4263
22641	4264
22648	4265
22655	4266
22662	4267
22669	4268
22676	4269
22683	4270
22690	4271
22697	4272
22704	4273
22711	4274
22718	4275
22725	4276
22732	4277
22739	4278
22746	4279
22753	4280
22760	4281
22767	4282
22774	4283
22781	4284
22788	4285
22795	4286
22802	4287
22809	4288
22816	4289
22823	4290
22830	4291
22837	4292
22844	4293
22851	4294
22858	4295
22865	4296
22872	4297
22879	4298
22886	4299
22893	4300
22900	4301
22907	4302
22914	4303
22921	4304
22928	4305
22935	4306
22942	4307
22949	4308
22956	4309
22963	4310
22970	4311
22977	4312
22984	4313
22991	4314
22998	4315
23005	4316
23012	4317
23018	4318
23026	4319
23033	4320
23040	4321
23047	4322
23054	4323
23061	4324
23068	4325
23075	4326
23082	4327
23089	4328
23096	4329
23103	4330
23110	4331
23117	4332
23124	4333
23131	4334
23138	4335
23145	4336
23152	4337
23159	4338
23166	4339
23173	4340
23180	4341
23187	4342
23194	4343
23201	4344
23208	4345
23215	4346
23222	4347
23229	4348
23236	4349
23243	4350
23250	4351
23257	4352
23264	4353
23271	4354
23278	4355
23285	4356
23292	4357
23299	4358
23306	4359
23313	4360
23320	4361
23327	4362
23334	4363
23341	4364
23348	4365
23355	4366
23362	4367
23369	4368
23376	4369
23383	4370
23390	4371
23397	4372
23404	4373
23411	4374
23418	4375
23425	4376
23432	4377
23439	4378
23446	4379
23453	4380
23460	4381
23467	4382
23474	4383
23481	4384
23488	4385
23495	4386
23502	4387
23509	4388
23516	4389
23523	4390
23530	4391
23537	4392
23544	4393
23551	4394
23558	4395
23565	4396
23572	4397
23579	4398
23585	4399
23593	4401
23600	4402
23607	4403
23614	4404
23621	4405
23628	4406
23635	4407
23642	4408
23649	4409
23656	4410
23663	4411
23670	4412
23677	4413
23684	4414
23691	4415
23698	4416
23705	4417
23712	4418
23719	4419
23726	4420
23733	4421
23740	4422
23747	4423
23754	4424
23761	4425
23768	4426
23775	4427
23782	4428
23789	4429
23796	4430
23803	4431
23810	4432
23817	4433
23824	4434
23831	4435
23838	4436
23845	4437
23852	4438
23859	4439
23866	4440
23873	4441
23880	4442
23887	4443
23894	4444
23901	4445
23908	4446
23915	4447
23922	4448
23929	4449
23936	4450
23943	4451
23950	4452
23957	4453
23964	4454
23971	4455
23978	4456
23985	4457
23992	4458
23999	4459
24006	4460
24013	4461
24020	4462
24027	4463
24034	4464
24041	4465
24048	4466
24055	4467
24062	4468
24069	4469
24076	4470
24083	4471
24090	4472
24097	4473
24104	4474
24111	4475
24118	4476
24125	4477
24132	4478
24139	4479
24146	4480
24152	4481
24160	4482
24167	4483
24174	4484
24181	4485
24188	4486
24195	4487
24202	4488
24209	4489
24216	4490
24223	4491
24230	4492
24237	4493
24244	4494
24251	4495
24258	4496
24265	4497
24272	4498
24279	4499
24286	4500
24293	4501
24300	4502
24307	4503
24314	4504
24321	4505
24328	4506
24335	4507
24342	4508
24349	4509
24356	4510
24363	4511
24370	4512
24377	4513
24384	4514
24391	4515
24398	4516
24405	4517
24412	4518
24419	4519
24426	4520
24433	4521
24440	4522
24447	4523
24454	4524
24461	4525
24468	4526
24475	4527
24482	4528
24489	4529
24496	4530
24503	4531
24510	4532
24517	4533
24524	4534
24531	4535
24538	4536
24545	4537
24552	4538
24559	4539
24566	2703
24573	2704
24580	2708
24587	2709
24594	2710
24601	2711
24608	2712
24615	2713
24622	2714
24629	2715
24636	2716
24643	2717
24650	2718
24657	2719
24664	2720
24671	2721
24678	2722
24685	2723
24692	2724
24699	2725
24706	2726
24713	2727
24719	2728
24727	2729
24734	2730
24741	2731
24748	2732
24755	2733
24762	2734
24769	2735
24776	2736
24783	2737
24790	2738
24797	2739
24804	2740
24811	2741
24818	2742
24825	2743
24832	2744
24839	2745
24846	2746
24853	2747
24860	2748
24867	2749
24874	2750
24881	2751
24888	2752
24895	2753
24902	2754
24909	2755
24916	2756
24923	2757
24930	2758
24937	2759
24944	2760
24951	2761
24958	2762
24965	2763
24972	2764
24979	2765
24986	2766
24993	2767
25000	2768
25007	2769
25014	2770
25021	2773
25028	2776
25035	2777
25042	2778
25049	2779
25056	2780
25063	2781
25070	2782
25077	2783
25084	2784
25091	2785
25098	2786
25105	2787
25112	2788
25119	2927
25126	2928
25133	2789
25140	2929
25147	2930
25154	2790
25161	2931
25168	2932
25175	2791
25182	2933
25189	2934
25196	2792
25203	2935
25210	2936
25217	2793
25224	2937
25231	2938
25238	2794
25245	2939
25252	2940
25259	2795
25266	2941
25273	2942
25280	2796
25286	2797
25294	2798
25301	2799
25308	2800
25315	2801
25322	2802
25329	2803
25336	2804
25343	2805
25350	2806
25357	2807
25364	2808
25371	2809
25378	2810
25385	2811
25392	2812
25399	2813
25406	2814
25413	2815
25420	2816
25427	2817
25434	2818
25441	2819
25448	2820
25455	2821
25462	2822
25469	2823
25476	2824
25483	2825
25490	2826
25497	2827
25504	2828
25511	2829
25518	2830
25525	2831
25532	2832
25539	2833
25546	2834
25553	2835
25560	2836
25567	2837
25574	2838
25581	2839
25588	2840
25595	2841
25602	2842
25609	2843
25616	2844
25623	2845
25630	2846
25637	2847
25644	2848
25651	2849
25658	2850
25665	2851
25672	2852
25679	2853
25686	2854
25693	2855
25700	2856
25707	2857
25714	2858
25721	2859
25728	2860
25735	2861
25742	2862
25749	2863
25756	2866
25763	2895
25770	2896
25777	2897
25784	2899
25791	2903
25798	2904
25805	2905
25812	2907
25819	2909
25826	2910
25833	2911
25840	2912
25847	2913
25853	2914
25861	2915
25868	2916
25875	2917
25882	2919
25889	2920
25896	2921
25903	2922
25910	2923
25917	2924
25924	2943
25931	2944
25938	2945
25945	2946
25952	2947
25959	2948
25966	2949
25973	2950
25980	2951
25987	2952
25994	2953
26001	2954
26008	2955
26015	2956
26022	2957
26029	2958
26036	2959
26043	2960
26050	2961
26057	2962
26064	2963
26071	2964
26078	2965
26085	2966
26092	2967
26099	2968
26106	2969
26113	2970
26120	2971
26127	2972
26134	2973
26141	2974
26148	2975
26155	2976
26162	2977
26169	2978
26176	2979
26183	2980
26190	2981
26197	2982
26204	2983
26211	2984
26218	2985
26225	2986
26232	2987
26239	2988
26246	2989
26253	2990
26260	2991
26267	2992
26274	2993
26281	2994
26288	2995
26295	2996
26302	2997
26309	2998
26316	3004
26323	3005
26330	3006
26337	3007
26344	3008
26351	3009
26358	3010
26365	3011
26372	3012
26379	3013
26386	3014
26393	3015
26400	3024
26407	3017
26414	3018
26420	3019
26428	3020
26435	3021
26442	3023
26449	3022
26456	3027
26463	3029
26470	3030
26477	3031
26484	3032
26491	3033
26498	3034
26505	3035
26512	3036
26519	3037
26526	3038
26533	3039
26540	3040
26547	3041
26554	3042
26561	3043
26568	3044
26575	3045
26582	3046
26589	3047
26596	3048
26603	3049
26610	3050
26617	3051
26624	3052
26631	3053
26638	3054
26645	3055
26652	3056
26659	3057
26666	3058
26673	3059
26680	3060
26687	3061
26694	3062
26701	3063
26708	3064
26715	3065
26722	3066
26729	3090
26736	3067
26743	3068
26750	3069
26757	3070
26764	3071
26771	3072
26778	3073
26785	3074
26792	3075
26799	3076
26806	3077
26813	3078
26820	3079
26827	3091
26834	3080
26841	3081
26848	3082
26855	3083
26862	3084
26869	3085
26876	3086
26883	3087
26890	3088
26897	3089
26904	3092
26911	3093
26918	3094
26925	3095
26932	3096
26939	3097
26946	3601
26953	3604
26960	3800
26967	3801
26974	3802
26981	3803
26987	3804
26995	3805
27002	3806
27009	3807
27016	3808
27023	3809
27030	3810
27037	3811
27044	3812
27051	3813
27058	3814
27065	3815
27072	3816
27079	3817
27086	3818
27093	3819
27100	3820
27107	3821
27114	3822
27121	3823
27128	3824
27135	3825
27142	3826
27149	3827
27156	3828
27163	3829
27170	3830
27177	3831
27184	3832
27191	3833
27198	3834
27205	3835
27212	3836
27219	3837
27226	3838
27233	3839
27240	3840
27247	3841
27254	3842
27261	3843
27268	3844
27275	3845
27282	3846
27289	3847
27296	3848
27303	3849
27310	3850
27317	3851
27324	3852
27331	3853
27338	3854
27345	3855
27352	3856
27359	3857
27366	3858
27373	3859
27380	3860
27387	3861
27394	3862
27401	3863
27408	3864
27415	3865
27422	3866
27429	3867
27436	3868
27443	3869
27450	3870
27457	3871
27464	3872
27471	3873
27478	3874
27485	3875
27492	3876
27499	3877
27506	3878
27513	3879
27520	3880
27527	3881
27534	3882
27541	3883
27548	3884
27554	3885
27562	3886
27569	3887
27576	3888
27583	3889
27590	3890
27597	3891
27604	3892
27611	3893
27618	3894
27625	3895
27632	3896
27639	3897
27646	3898
27653	3899
27660	3900
27667	3901
27674	3902
27681	3903
27688	3904
27695	3905
27702	3906
27709	3907
27716	3908
27723	3909
27730	3910
27737	3911
27744	3912
27751	3913
27758	3914
27765	3915
27772	3916
27779	3917
27786	3918
27793	3919
27800	3920
27807	3921
27814	3922
27821	3923
27828	3924
27835	3925
27842	3926
27849	3927
27856	3928
27863	3929
27870	3930
27877	3931
27884	3932
27891	3933
27898	3934
27905	3935
27912	3936
27919	3937
27926	3938
27933	3939
27940	3940
27947	3941
27954	3942
27961	3943
27968	3944
27975	3945
27982	3946
27989	3947
27996	3948
28003	3949
28010	3950
28017	3951
28024	3952
28031	3953
28038	3954
28045	3955
28052	3956
28059	3957
28066	3958
28073	3959
28080	3960
28087	3961
28094	3962
28101	3963
28108	3964
28115	3965
28121	3966
28129	3967
28136	3968
28143	3969
28150	3970
28157	3971
28164	3972
28171	3973
28178	3974
28185	3975
28192	3976
28199	3977
28206	3978
28213	3979
28220	3980
28227	3981
28234	3982
28241	3983
28248	3984
28255	3985
28262	3986
28269	3987
28276	3988
28283	3989
28290	3990
28297	3991
28304	3992
28311	3993
28318	3994
28325	3995
28332	3996
28339	3997
28346	3998
28353	3999
28360	3646
28367	3647
28374	3648
28381	3649
28388	3650
28395	3651
28402	3652
28409	3653
28416	3654
28423	3656
28430	3657
28437	3658
28444	3659
28451	3607
28458	3608
28465	3610
28472	3611
28479	3614
28486	3615
28493	3617
28500	3618
28507	3619
28514	3620
28521	3641
28528	3621
28535	3622
28542	3623
28549	3624
28556	3625
28563	3626
28570	3627
28577	3628
28584	3629
28591	3630
28598	3631
28605	3632
28612	3633
28619	3634
28626	3635
28633	3636
28640	3637
28647	3638
28654	3639
28661	3642
28668	1
